PAINTMIX-REF 1
256 1 3130264717 4042190856 -3810153077363143122 -482281031366786365 
mix 200
0 0.21704915623236976 0.3360505694030882 0.08895949151281646 0.015159831308125815 0.4605952660829502 0.3955346463892424 0.4038272061490633 0.28267903934253363 0.1840425644854441 0.3321109188475929 
1 0.5280627 0.096907854 0.014794469 0.15573525 0.21202803 0.5756289 0.88761556 0.038755298 0.40260977 0.5796054 
0 0.8602136093180874 0.10308116817571977 0.3651470113486821 0.8240139370939195 0.6658932201193151 0.5967097013838458 0.6571554849869601 0.7655055327819339 0.4178586713454407 0.4147225408968753 
1 0.47013283 0.021320343 0.8916215 0.1827712 0.25581968 0.26687217 0.15107667 0.51772976 -0.22359607 0.63478637 
0 0.38864557735655714 0.06465244945526227 0.37778106015876545 0.7910819515857437 0.7616983248032987 0.3276977766868825 0.9030364276377187 0.8268827729046564 0.9714966245475327 0.26178038910034185 
1 0.061582685 0.50938046 0.37150288 0.5746803 0.7103901 0.53421617 0.25423717 0.3906772 0.3804589 0.47671792 
0 0.10388224743874486 0.21751053458030944 0.21944256022648645 0.6820011354508757 0.011381390832684302 0.3264687273375384 0.5622816746629578 0.5859466987541232 0.25848750706065377 0.12553192374035566 
1 0.91800225 0.64862 0.67447615 0.63027346 0.062234163 0.26408827 0.17106152 1.0725245 0.5452625 0.19206274 
0 0.3671937416037594 0.221810882970068 0.6549631474715909 0.8462138847431471 0.9867912987283372 0.0073183500915487976 0.22466444731901003 0.6036882915302728 0.5462608742180313 0.41992367062171865 
1 0.7205006 0.5721905 0.122065544 0.2528788 0.17120457 0.4572705 0.70664155 0.3400532 0.23804396 0.3852508 
0 0.9209960609519847 0.3737413784666326 0.11820702388602866 0.5033051071898773 0.21855679445988208 0.6132639864279295 0.4723592908645542 0.8004560763171579 0.3763583053979642 0.3676399533342445 
1 0.24876618 0.3927213 0.3578894 0.5426215 0.410892 0.07825971 0.37408113 0.3949298 0.12660566 0.17687364 
0 0.2384227441489717 0.3899910789310306 0.6435299404973025 0.5977473976233283 0.850323256915164 0.871170263818636 0.11918026085215416 -0.011254238498990987 0.5427378604645765 0.7953585119634764 
1 0.6933025 0.89551914 0.36172688 0.36424708 0.49522758 0.8922031 0.9540478 0.79747736 0.6279992 0.72103345 
0 0.3454978272471141 0.6359440992302723 0.36192339393553086 0.5031547779134422 0.02663858606813463 0.3762670486316153 0.4509057138961492 0.08600218433015022 -0.07830304377955147 0.5776567107859332 
1 0.5735197 0.89947534 0.3778323 0.86559105 0.6271306 0.8356887 0.21145356 0.5045848 0.8871783 0.061210304 
0 0.4251719000542662 0.6204080832103194 0.8894348319435166 0.3769452102257853 0.7629912911508632 0.9495826342747282 0.07585116231823452 0.43008615003027284 0.46424447743062414 1.3262658366452238 
1 0.017475843 0.14725304 0.55033755 0.50606084 0.35647714 0.52884805 0.09581137 0.65342164 0.03010267 0.19788857 
0 0.957831464337725 0.339930101858575 0.293165661909363 0.2598522547173656 0.306215875419378 0.9372492111770356 0.7705784283763706 0.19559061803456937 0.6059000333690407 0.5287506632101509 
1 0.18737638 0.9559915 0.83125544 0.93738186 0.3818133 0.4490006 0.35006642 0.15760835 0.6234276 0.74284136 
0 0.8630911253018516 0.6665398259271202 0.5120211238619299 0.8157553453632092 0.12979030310632078 0.4603929364190842 0.05663554144309946 0.7528507264241258 0.586653871779383 0.671679409240949 
1 0.28079057 0.037624598 0.46095812 0.32779527 0.8524574 0.905699 0.65224266 0.25334367 0.5245481 0.6585 
0 0.3593739296669416 0.05069305466180163 0.5563678825759482 0.9997566843622416 0.6001851336789832 0.04653640909162715 0.28086630461952367 0.4707197863415199 0.02124925958759194 0.2694253901140341 
1 0.45557356 0.11035144 0.97117436 0.22126651 0.27134573 0.42161226 0.031789303 0.3731749 0.035890818 0.9219016 
0 0.8515395818430582 0.30579011057856786 0.5539205967396783 0.31860693995789613 0.03647508771054886 0.39487549793762433 0.013193401727544574 0.8283104468279481 0.45273698653313654 0.49801825106768394 
1 0.18788242 0.18643904 0.10714197 0.8764124 0.102862716 0.8934995 0.038811207 0.20237622 0.18283918 0.43655774 
0 0.6963131526798372 0.8924800852693071 0.9540475252856102 0.7088779288996558 0.5205153515940331 0.945045958332251 0.8601528709973256 0.7105415783497275 0.24117615332881023 0.9303100276563615 
1 0.5778774 0.4335513 0.37636197 0.23240292 0.51342523 0.11417174 0.7901634 0.32219815 0.526963 0.4674053 
0 0.6412358470274246 0.5251633453705453 0.12552603807804008 0.7980578268362646 0.9021673152996403 0.1862247691815162 0.9393708885344465 0.4591439939089779 0.5585029779675552 -0.038070783400903196 
1 0.5998697 0.15026891 0.9204874 0.7171569 0.69593585 0.9938017 0.25467277 0.6819044 0.5765878 1.0837243 
0 0.5295854710195043 0.49363301858674524 0.2981215608582197 0.08901510605380136 0.13964200820704153 0.9263027207867534 0.10034675700705797 0.7132887529434104 1.0164939604030532 0.44534398713752776 
1 0.66085315 0.6554241 0.43120754 0.10670543 0.55974174 0.8019844 0.32611132 0.748995 0.439987 0.700336 
0 0.42958095623252124 0.2798905742041906 0.6923594970575488 0.7564355336093807 0.9334214304825323 0.44827718961908425 0.8402556591240893 0.945189917205834 0.6174130988055649 0.23068127443169345 
1 0.11266041 0.1089803 0.7658037 0.0941 0.55709517 0.44373167 0.21575892 -0.18898696 0.4501207 0.66204864 
0 0.5367542154500098 0.1871353393161752 0.7894680068264195 0.152179642391143 0.9654049838466991 0.9718898958997328 0.7281813110951791 0.34341305699198854 0.7970369513821932 0.8553386403865154 
1 0.1636498 0.99880576 0.24467576 0.56503224 0.6446724 0.19590068 0.20587957 0.2183212 1.0019573 0.34029853 
0 0.8986122615387155 0.41439901051001726 0.43024710771793995 0.6039107102014152 0.5638323368795513 0.19472292062254248 0.6394879676081464 0.802304017617617 0.5407193523415799 0.5699950510946071 
1 0.45043743 0.9547446 0.1185652 0.78467023 0.41002917 0.557322 0.086389184 0.06303325 1.1117032 -0.045601934 
0 0.4007390050481745 0.17096146354353436 0.33619841939213857 0.369438100538624 0.4937616366223292 0.5147620662397252 0.11076378171265855 0.32357237988598164 0.46827542625776486 0.7082278657485553 
1 0.4987303 0.6800616 0.9175066 0.56523395 0.7967106 0.28283823 0.055740714 0.30599445 0.6829363 0.7634617 
0 0.40876109112679915 0.4983775314697141 0.2558738935925704 0.37619668132189377 0.8817751964242164 0.1783177682081194 0.2597638134841731 0.7148278958740812 0.8437264410037353 0.1917845011616376 
1 0.020370364 0.39723253 0.9878758 0.5468354 0.97467613 0.99865985 0.0020673275 0.019197762 0.3882876 1.0120678 
0 0.5730888609829112 0.5795861141609648 0.959974138455602 0.1807910056484363 0.6703560846160188 0.054229832342017614 0.8257437067118141 0.21996448766573196 0.37273173965028966 0.273020292464086 
1 0.5861707 0.94710124 0.018637538 0.26642 0.6134803 0.94994056 0.7501948 0.10739294 0.65135854 0.76953673 
0 0.26699124237024274 0.11557178497052956 0.7540558230443419 0.8916541683242563 0.5436931583622584 0.41118400459313076 0.855199013441035 0.5880931492520084 0.4811001396512217 0.6475048268505943 
1 0.12714267 0.20049822 0.31946957 0.89236367 0.7095051 0.7138362 0.40009856 0.2900915 -0.06538838 0.41926342 
0 0.1915154196685418 0.36959428666829375 0.4065161917262574 0.8091831898239352 0.14617968849870588 0.3323923183577828 0.796103750235158 0.8067697975618652 -0.07693464602420327 0.23572575192157869 
1 0.746106 0.18801641 0.4727614 0.7969098 0.40926206 0.72166455 0.49012947 0.9664156 0.8185431 0.6801159 
0 0.4450032012262999 0.6777321852190874 0.7194713939623418 0.219805626158446 0.08125661140045737 0.9624842247474501 0.32311556006418973 0.44412606798324966 0.4859991275383119 0.7933069004077267 
1 0.06243038 0.40982723 0.46233308 0.5250976 0.019077301 0.20479524 0.80162513 0.56595576 0.13210186 0.23944843 
0 0.6453617944045047 0.5490416233057993 0.04779258765984107 0.49948190079059684 0.053469553998462205 0.2393863036385504 0.030897419392103442 0.4044806512402499 0.09819200400193975 -0.5377694648185632 
1 0.75375855 0.27387166 0.32971466 0.8858278 0.20112145 0.037952423 0.47669744 0.9881629 0.12476355 0.347279 
0 0.5127878688798893 0.5475921734329492 0.9394523488384519 0.46371063886234953 0.01785079945819512 0.8616814524277274 0.07265155457954475 0.3860251454536183 0.8574523524022865 1.2531488675678335 
1 0.7319422 0.058921576 0.089279175 0.5647156 0.9460099 0.29609716 0.8903154 0.3226631 0.6956842 0.74440867 
0 0.7383386382094104 0.9103972048993181 0.8420690489408074 0.7311359777206565 0.09698667444331432 0.13836826174854355 0.3538600055572563 1.0119354195177666 0.9447962682268775 0.6933184708333004 
1 0.628633 0.65307355 0.7062696 0.9584892 0.37893105 0.3947401 0.48269367 0.71252406 0.67872375 0.33184063 
0 0.1354152305693792 0.2692031325264346 0.04668550588569431 0.8441719259216818 0.2841755011201186 0.3687985702733676 0.7015531634897079 0.5426807075305073 0.6165623468869481 0.28911828622285124 
1 0.51544535 0.23632753 0.22900784 0.61454487 0.21133637 0.59956384 0.46539855 0.8747937 0.3987584 0.5923169 
0 0.678973621717555 0.4259978104464368 0.12998336388824905 0.1283549949614431 0.4509563369787499 0.22287191177561927 0.9431130479866934 -0.03931256516316345 0.22542843006998214 0.27114251282584423 
1 0.22420073 0.5358002 0.6419966 0.92716277 0.07571709 0.06461406 0.74092734 0.65096545 -0.10176852 0.10276833 
0 0.9400756507995105 0.3400263325938886 0.7868521805820183 0.6677746206195825 0.6547339297842361 0.7467010588961207 0.8622213348867849 0.9181584569595929 0.6487760306703514 1.1613603154106709 
1 0.53509426 0.7227342 0.33759964 0.22040999 0.75389326 0.62039495 0.8837627 0.600183 0.90454185 0.7816429 
0 0.19187523699475673 0.032836060690322855 0.6691612581406556 0.6590030747944322 0.4265158322137841 0.985586267175423 0.5998019034828888 0.6458815201429766 0.4264221525450963 0.7519944746652849 
1 0.3131503 0.91289485 0.87184465 0.673656 0.94491684 0.6165818 0.42114472 0.42633837 1.0358326 0.8732027 
0 0.6024897533968268 0.5062581821112104 0.5568396827961954 0.3540006695003848 0.7124208596414112 0.7874248975823841 0.4507200310123278 0.6070756648823916 0.8082726687093056 0.5672504041043238 
1 0.84416485 0.45400405 0.28080225 0.34296703 0.27304685 0.007775545 0.74741554 0.17717913 0.083646715 0.16381368 
0 0.7850029646803727 0.999657575830307 0.8380472678857844 0.5053550294638771 0.5418481540861702 0.38069318167216304 0.4071125291296762 0.6557017724870633 0.9406933952059375 0.5764128360570226 
1 0.74124813 0.11268246 0.814052 0.08782661 0.79862463 0.8526001 0.46340454 0.6209913 0.3715806 0.77867854 
0 0.26899524225430627 0.5160277112844016 0.31480909114624067 0.9109647481911178 0.9896226498524423 0.048880312757504596 0.6728638761833963 0.7676092248311971 0.7815125363378751 0.13162198846901896 
1 0.91338253 0.2544042 0.49610746 0.6691017 0.48344874 0.36557746 0.64804924 0.5943198 0.50757694 0.5134589 
0 0.6615829631625634 0.40972358295153577 0.5506252470077702 0.9582541445770631 0.6819391921631872 0.5765376980343684 0.49538177320502164 0.7078227066026161 0.28295971061701114 0.5011654548541172 
1 0.7398052 0.88935506 0.48261738 0.73404884 0.15799105 0.98771477 0.12723303 0.5708134 1.1136457 0.6810316 
0 0.9418889733367777 0.7529982748609139 0.9812827460053033 0.08703437316249918 0.7103324567548635 0.003708785299310735 0.011341068357276773 0.9419129015469571 0.7714080298439887 0.8467925176081984 
1 0.0069316626 0.8455645 0.74738455 0.74296224 0.9621532 0.85262156 0.089836 0.033987552 0.81805205 0.6422945 
0 0.480460081005766 0.6511771338454557 0.13407660596224447 0.34956222107970936 0.6186662404563381 0.011355897725200403 0.44457354151709816 0.4241954779894507 0.5413336567059943 0.22729635465912545 
1 0.1529566 0.39500606 0.99463546 0.1785506 0.28985965 0.17328465 0.23049772 0.23941499 0.4574784 0.70856 
0 0.6283868780752291 0.1995979029736621 0.6633129370734447 0.688081837571322 0.8764583238675754 0.552939275483924 0.11923123022548876 0.6068985078943699 0.3646863485393327 0.47063691571628175 
1 0.42764962 0.5785451 0.058119893 0.2178874 0.6902838 0.6095867 0.7830349 0.19109014 0.5097481 0.78129935 
0 0.949886156525461 0.7654108804967519 0.21135242176857405 0.5207900358393329 0.48359931884300655 0.8524701200715077 0.17099398716964487 1.0400847367479007 0.42219987607344633 0.18000135908056683 
1 0.9518815 0.4768932 0.9573432 0.6081619 0.056134105 0.68026936 0.9741813 0.5524286 -0.13718507 0.47253346 
0 0.5228203942947629 0.8769655964665435 0.09987631351555293 0.15735789192459082 0.3223899784146156 0.3193793830405469 0.010517107781429225 0.5068799455756887 0.9270382264378162 0.07103479789728662 
1 0.118447304 0.62846494 0.39249885 0.5819043 0.91244733 0.09315395 0.11388934 0.060085 0.8228537 0.29374138 
0 0.9970335410523703 0.22910646355325937 0.1941978718190991 0.7872756028204717 0.39168588773599367 0.6012480182329736 0.31612102725825486 1.0563859919274996 0.3743558749966399 0.3735738902464612 
1 0.22157443 0.37563038 0.6770313 0.001730442 0.41842532 0.49994636 0.48546124 0.28856754 0.6495898 0.5023445 
0 0.3359209512024135 0.9254345687958851 0.012348319382743389 0.3478361670168497 0.6080992648288748 0.1958725521290121 0.10925157931516072 0.7248914990379152 0.8924079762200203 0.13810290034298556 
1 0.21642315 0.5370327 0.07508612 0.07074952 0.80135775 0.8011576 0.20729947 0.527955 0.82871747 0.1324029 
0 0.5300718311401131 0.7130750326573101 0.32941054591931773 0.22296092524563105 0.1467434828203349 0.00917837139322586 0.24539693277559183 0.6731890233118574 0.2783823679180627 0.10835837966327266 
1 0.74874544 0.736361 0.9447758 0.24977815 0.2828437 0.063760996 0.6842042 0.15227138 0.3647205 0.170609 
0 0.12329593015252249 0.6596547728821154 0.32196298682789437 0.5185742941821758 0.853746064379981 0.2809295091932136 0.8948465077390384 0.17550546315675009 1.194098974978191 0.19303788316586706 
1 0.35773337 0.116781 0.57199 0.48534393 0.40964174 0.9850334 0.049589157 0.6321414 -0.19364321 0.8067357 
0 0.849843200650312 0.7099269353813624 0.023462732578948264 0.9027335686646916 0.38886553221897335 0.23818386030290895 0.11506376149319286 0.9335106978986826 0.8586092381732965 0.22451718060388598 
1 0.9471787 0.09337783 0.013163567 0.34898353 0.048491 0.51850057 0.6467172 0.6350918 -0.17292011 0.43579674 
0 0.008872522454548726 0.7146053183846879 0.0841266449607625 0.9129151726630438 0.3288681242591829 0.2480229872123949 0.34836597250115164 -0.0109199054687375 0.7467797502903093 0.16827719165889182 
1 0.4230324 0.86568654 0.17078424 0.6681626 0.58698344 0.27623367 0.8525778 0.50618523 0.83476645 0.3110019 
0 0.3208000680272858 0.36722545664678563 0.48078066446825285 0.9328294983880359 0.5589791579954846 0.3176722542951904 0.8317537031016846 1.2413359643209823 0.48991507288018016 0.43502838204781746 
1 0.93247855 0.38154757 0.71612644 0.5837382 0.2215873 0.7997757 0.74438345 0.7266499 0.11850241 0.72288746 
0 0.1570858138024387 0.5491801709500175 0.07095781697146686 0.19658643654635743 0.44260938788472504 0.09982740159501513 0.3843747032384004 0.12735655831213205 0.6905148584116314 0.2505619766437249 
1 0.46286798 0.8710195 0.69176483 0.65620685 0.43562043 0.4283898 0.8138052 0.34083617 0.6293591 0.39882684 
0 0.8688298330640232 0.940859256018995 0.5647395397708832 0.9698967830163372 0.796648433465541 0.3826646871460546 0.6978118240126958 0.6552722734947579 0.9307966551514262 0.5644110675454427 
1 0.73482895 0.31791675 0.6455802 0.7443707 0.97883654 0.0038797855 0.017480731 0.8168552 0.43373403 0.88615656 
0 0.38601256467920364 0.39629900618411207 0.28462058990053407 0.7658677587575404 0.3651249624563897 0.9217782883532915 0.2545457825788693 0.5118014622486426 0.19938058767507721 0.41367161478499775 
1 0.72425544 0.5921564 0.7109207 0.76842153 0.3484565 0.40219665 0.1106261 0.9059092 0.695156 0.6139951 
0 0.975973333550795 0.46677530850244087 0.23229348084735224 0.3626914299850783 0.7519916996246916 0.7456798149088577 0.4776325753573687 0.7157557485291766 0.9792521305529429 0.5508071547465555 
1 0.26556885 0.600325 0.5444287 0.86095834 0.034023523 0.060722828 0.36593056 0.7673085 0.70976347 0.33393082 
0 0.8960466446169895 0.4672998645262125 0.1741868022576254 0.46858430204079826 0.5672744224012902 0.04461148641684076 0.8009491659092216 0.7141594222161576 0.392790239629334 0.23519723866788478 
1 0.25648963 0.60742855 0.87736654 0.86678636 0.28582358 0.21147788 0.21281433 0.29274702 0.11537757 0.77712244 
0 0.8012734598824003 0.008468047579003546 0.45382327110446496 0.3399718287764153 0.030210221667732684 0.4414478181879533 0.5348928807373887 0.6525824813868981 0.18476850753100588 0.6531687163180743 
1 0.75835514 0.62099195 0.004121065 0.8845134 0.8726549 0.6575823 0.51690745 0.597618 0.6137198 0.44976372 
0 0.7809075225197959 0.2879310468300402 0.5800258115782964 0.6609110003640097 0.7148675913385731 0.7535153426911212 0.8207660642723718 0.6584607213906426 0.5966768858899381 0.766130252427087 
1 0.35505915 0.7363925 0.43982184 0.7505429 0.9435209 0.640257 0.07317376 0.22559139 1.3277378 0.30630103 
0 0.024239380722149484 0.6913928783251737 0.1535304440912213 0.9973315441032173 0.9086421944693328 0.2521874956407415 0.1547970675331065 -0.1625560693889383 0.8695791037374447 -0.2348034393804681 
1 0.26723504 0.010007262 0.62135386 0.8712348 0.035610557 0.027321458 0.6966013 0.7694639 -0.15855396 0.36649072 
0 0.4299391697920134 0.14895372985668232 0.7042001811532734 0.15088326660417506 0.4821544501602222 0.44528603322709515 0.8204382127791949 0.200356856049848 0.49086650369565554 0.3940327566552321 
1 0.1426754 0.29605544 0.84477925 0.38620532 0.96089566 0.9495151 0.59266484 0.16686802 0.86856925 1.0429246 
0 0.8707031601602238 0.6094108904416129 0.14673713948103062 0.6142782618311315 0.990635602120955 0.7603084887509934 0.23962673784956823 0.6472990549170731 0.46742199807523926 0.13956897213577185 
1 0.49144733 0.0728091 0.5829737 0.47678113 0.5646678 0.78440166 0.2031008 0.59897476 -0.002572447 0.7135885 
0 0.7234462099712353 0.4237239604085721 0.5314634225969894 0.21970732369350476 0.9979512809552271 0.5714713910117886 0.2372615031731613 0.7378750336296902 0.6280912018446744 0.25722625465182664 
1 0.29607117 0.951715 0.8429272 0.24340391 0.9002403 0.24100149 0.37982595 0.081594914 0.94969 0.88088524 
0 0.7885559914345293 0.5275111206691283 0.7380141783104355 0.23600809107633713 0.6066010297682976 0.9130574573763841 0.004403078018062168 0.8383903432922181 0.45905243607047913 0.872257132235924 
1 0.36545527 0.3474071 0.17435062 0.94558334 0.55548143 0.7678027 0.18444872 0.6610738 0.39263755 0.09658599 
0 0.07829024705792587 0.991182118908897 0.9648110035923014 0.6124350451778613 0.1438314009249242 0.7217836266756148 0.31075544389561927 -0.03074119162731187 0.9353166549154304 0.8747667514920159 
1 0.88143253 0.8896111 0.6542902 0.4097792 0.1775142 0.79200864 0.68776226 0.47190338 0.847908 0.6350057 
0 0.6481339395969468 0.355412719414802 0.15654338155914438 0.23961389525164734 0.024512751932077803 0.034024777792394545 0.01329219337043508 0.3350034849914605 0.930211517705126 0.28534339959680005 
1 0.6955279 0.40057242 0.080192685 0.77034795 0.5973375 0.32024586 0.13220692 1.045838 0.83674496 0.37048507 
0 0.04869378779846234 0.38118007144126875 0.5724321148418119 0.095136634537214 0.4269734396280018 0.7264587062102217 0.9514055163721986 0.31567339885983314 0.15233757562427347 0.9982939018346023 
1 0.7508509 0.56941426 0.13845217 0.9861809 0.050569892 0.34314895 0.980253 0.7186821 0.3986361 0.4526234 
0 0.21297789865856154 0.4330012222490618 0.33007728310626283 0.9167936014177522 0.2061508625240862 0.6951519588747614 0.20027824186443177 0.07173759957276885 0.34274675571813357 0.6107345104791191 
1 0.38810718 0.34944022 0.12025106 0.93621254 0.8497207 0.0724957 0.51528597 0.5625372 0.6342971 0.5654534 
0 0.014683025694630869 0.4417889306578573 0.23331972431206816 0.7971524620611441 0.5275106656298623 0.6274215271533139 0.20394942149288298 0.037525010765710576 0.4983817123319357 0.13783478930814327 
1 0.78402627 0.8573915 0.953567 0.108807445 0.71966314 0.7568934 0.1621511 0.5234413 0.39001936 0.7401678 
0 0.4987496459750471 0.38348748307750746 0.2427342598296185 0.02064272769740394 0.06254011514834867 0.5409278203850494 0.4358104897684736 0.30928929323735055 0.3650975433768584 0.11368275588876675 
1 0.61733866 0.8035034 0.26274335 0.22556746 0.35791433 0.4304998 0.9653506 0.022213459 0.49602115 0.4467576 
0 0.37610338068927196 0.7568506130005228 0.03650663872173143 0.5264834321028187 0.5502327404132856 0.2137272110850874 0.2779529459446697 0.5375395186607486 0.7375723103231874 -0.3012232211412515 
1 0.11174929 0.792384 0.46852028 0.4081868 0.56266844 0.91237795 0.64656997 0.4657141 0.7328162 0.72726643 
0 0.04479188083515995 0.2402183747111568 0.025799056861376624 0.7904076728439857 0.06675357588388531 0.691744524188523 0.07144261258433593 0.03845239914500598 -0.0685096700562483 -0.15936096224806823 
1 0.6201887 0.023448706 0.23519814 0.35789943 0.9809269 0.4177761 0.045687795 0.6550168 0.2925646 0.2976969 
0 0.9237579081516682 0.45386400969777463 0.5439653421775119 0.6487178059826608 0.2507621769033337 0.344117731171093 0.5841313392565057 0.465734401052584 0.18445401838538 0.7354867128283082 
1 0.8028127 0.8828074 0.7585354 0.49678326 0.56547284 0.75631106 0.5326303 0.4044549 0.83350307 0.4264713 
0 0.4529252895612408 0.34080980663545546 0.18943448745374458 0.16692380689612718 0.8911668855804111 0.8357959548727059 0.48157025788199226 0.12365226027705287 0.5091622044958517 0.7298305898068571 
1 0.2866521 0.57359385 0.17283833 0.041077614 0.16780233 0.46499193 0.79857886 0.48807615 0.11098987 0.8657606 
0 0.46353942227978173 0.07262462756768295 0.004506544515711974 0.9822715097988173 0.9805760050234655 0.5318020622928754 0.727221059650744 0.5533129449866462 0.8098142172237204 0.17676529663517887 
1 0.77166414 0.9878017 0.36933148 0.19051433 0.6386832 0.57115674 0.041512847 0.7103656 0.76564777 0.80628157 
0 0.21042274564941255 0.9673208394265185 0.5712000522312821 0.45459727979745024 0.061225042811287045 0.5767365263462976 0.5859581929800768 0.5258725286004733 0.485735030363501 0.5090705175091643 
1 0.10232031 0.51053333 0.23420203 0.17301774 0.78699887 0.8831972 0.8316711 0.575999 0.5237266 0.4424166 
0 0.04983942245476536 0.3496394251750834 0.24021651030441626 0.5213551152068083 0.6558430428346189 0.5724045544504452 0.9363151585849709 0.6076761750885089 0.6162325023360324 0.499868966757816 
1 0.21462452 0.66967726 0.8310057 0.28843486 0.7084757 0.81294787 0.3803048 0.032447547 0.99302864 0.78317237 
0 0.2545116062163528 0.580731341799819 0.8347572329391437 0.8592017130479719 0.714099414707217 0.7948599027590537 0.932680445938789 0.8491794910598771 0.8304015547117312 0.7957788349820187 
1 0.02169621 0.3459916 0.54005814 0.941036 0.8833679 0.13908887 0.041274786 0.08505708 0.38104194 0.4948175 
0 0.37693473759030094 0.7084018992178611 0.4787999547793087 0.34058056173624696 0.11891979912729278 0.4811430841960811 0.12410703501309883 0.26636240370953235 0.35418569438369085 0.40796140658466834 
1 0.5946363 0.7590699 0.5721698 0.5600196 0.6831229 0.97642446 0.13531303 0.7605964 0.591125 0.24609013 
0 0.4645263054246014 0.5721583563628654 0.04692214163658681 0.701019233919931 0.46570907741445877 0.3471231618091952 0.9080333939474428 0.5951713394309801 0.3982380898493601 -0.03907955458291551 
1 0.21857381 0.9710779 0.83987963 0.678447 0.102817535 0.36809695 0.82699907 0.77862024 0.53335965 0.33137766 
0 0.8804049107885983 0.7454326517389136 0.9740501508893442 0.413173490577039 0.2980815397751766 0.8589734099727411 0.1533692649722287 0.5955707347311306 0.5321442125551867 1.0260766031780464 
1 0.81061065 0.41804075 0.6027998 0.9900789 0.5344384 0.34963298 0.88756406 1.4101439 0.6220551 0.35997024 
0 0.9864126517095995 0.6743444988095431 0.20489160257305405 0.0202276328403741 0.3280562679216956 0.9152337150881464 0.6984716935081146 0.4242054892997773 0.44078964326157655 0.7159914345351179 
1 0.25402403 0.40659833 0.5363902 0.90704024 0.44415963 0.6757213 0.20870543 0.5724955 0.17132254 0.27302897 
0 0.863523086867799 0.49642531055536065 0.8323480882559484 0.05729731872065469 0.6736190231835986 0.8510771627624676 0.7319000064165428 0.6838678441617906 0.7807916399534618 0.9824082547522757 
1 0.08241856 0.030603766 0.60304034 0.057577133 0.5653548 0.80673504 0.6441895 0.21107161 0.0068280995 0.4053511 
0 0.3526713304034994 0.4730433181215674 0.906809000322709 0.830619638898189 0.8898694938858549 0.8719692945572088 0.19053602384343993 0.6282905612161133 0.5108284920534474 0.7992174126988973 
1 0.5996287 0.41297102 0.7304325 0.5919099 0.26651514 0.95044863 0.59047246 0.7929116 0.21741891 0.7953758 
0 0.12450295571853909 0.06794332810472148 0.6627833213811056 0.26868467128972906 0.3836864938780169 0.3898683828229379 0.10775634043114346 0.26539045447398846 0.3685047704132627 1.168417557058186 
1 0.37106872 0.02981615 0.97129273 0.16606903 0.24461949 0.681996 0.7943789 0.25972533 0.16312903 0.67046046 
0 0.9023438588062866 0.2822532769483612 0.5523367040234892 0.771350634940587 0.03307407542759244 0.5984788010632613 0.46706800766389667 0.6419916820905092 0.14578394801477068 0.544130207106502 
1 0.9144666 0.689224 0.69438684 0.83434045 0.788898 0.81247425 0.830637 1.0205469 0.83841777 0.6086137 
0 0.22849408811435978 0.1827806612458105 0.1279262816447777 0.08031987442385247 0.1688645563497957 0.2545171823418093 0.26616084266367523 0.4226708361886032 -0.04417643864883064 -0.0035135815383466606 
1 0.8890245 0.29423678 0.3767265 0.31021678 0.3337052 0.59692705 0.9689882 0.30640787 0.47102034 0.38796666 
0 0.05945007652802081 0.26181023860531516 0.3447304633887527 0.2023863765294014 0.9864517010072764 0.36686308948758506 0.368471744272415 -0.0073646880502200585 0.5544876906823583 0.20649507852424803 
1 0.9671788 0.09803605 0.4265821 0.8764638 0.10583317 0.17030478 0.9412323 0.79038554 0.50250643 0.44340438 
0 0.9764314999315356 0.41991369831464675 0.37333600458294725 0.6230288838703444 0.8858784352262832 0.37870139317920226 0.5092655204196772 0.6734984750675215 0.576692336171518 0.3505608575266192 
1 0.24481201 0.073913336 0.17315388 0.17420483 0.9373797 0.894784 0.7116374 0.30998102 0.5473536 0.95948315 
0 0.8686048522503322 0.8294394501694828 0.25430099227710845 0.9127654950730353 0.16020328719209065 0.16336484621254388 0.39037928703598745 0.7559529444145581 0.7390135750697799 0.12763392552641922 
1 0.47633994 0.567485 0.32177126 0.0056061745 0.6486466 0.23970282 0.3276831 0.37453794 0.65694696 0.28487918 
0 0.7991247530952945 0.3574459992950827 0.16411448836403286 0.26830345747184725 0.390920220814702 0.08573261036536839 0.9791456842221762 0.08018750462441199 0.6746169793114264 0.3377547323997206 
1 0.36560738 0.045919776 0.12690675 0.001938343 0.32880747 0.15574396 0.6790471 0.022456944 -0.08335793 0.07111415 
0 0.8565595441822886 0.5546746845948214 0.9434928466504127 0.2298404064369135 0.3626730055516847 0.6421994522629035 0.7422112931854561 0.19127938240239967 0.7447059059176909 0.9127644377400317 
1 0.64478374 0.21032119 0.82592964 0.005343437 0.14817643 0.7198007 0.4908533 0.49236012 0.16946742 0.83838665 
0 0.7315668607300083 0.9490578086568884 0.856698567227947 0.3723581510705769 0.6964968648187462 0.16138048586845954 0.6609171711241721 0.33393278391516806 0.5963276535445349 0.34112175031603326 
1 0.7063712 0.4888754 0.58056045 0.3864354 0.28761148 0.0067294836 0.67131925 0.3398378 0.31305343 0.12135905 
0 0.8975742668835207 0.6058481774214 0.33249755010246407 0.5408962791003209 0.18372640389207162 0.5249837308234784 0.2590455916533472 0.6724569733157454 0.432383981495728 0.6076803726626167 
1 0.041544914 0.2982149 0.4124223 0.5752442 0.52485585 0.828894 0.5471959 0.29030907 0.34016687 0.6060293 
0 0.3315577549175561 0.4917105620019717 0.26621810260804546 0.84600863600925 0.43948877971518696 0.6686416034255975 0.14348737541204915 0.23367739488088657 0.324086345867464 0.046884973715270784 
1 0.47879326 0.7185421 0.30091846 0.8127843 0.119075894 0.52121794 0.19747114 0.38914046 0.2120184 0.06361371 
0 0.5007323528673624 0.37294174121027823 0.16051679407256447 0.7118176765919388 0.2505293476210726 0.7306329164661689 0.837224055239328 0.898027103955698 0.13825616357882714 0.33989556779617647 
1 0.23207211 0.6228094 0.5603131 0.3544129 0.5386367 0.70937026 0.6168479 0.21296977 0.49222374 0.47380427 
0 0.06902333122053905 0.8265662494569226 0.8308064499142094 0.021612408338065325 0.2154264033981781 0.9669637086381293 0.9229728184861286 0.27606260070919736 0.14160727241886872 0.9429474422068627 
1 0.29199266 0.033096313 0.00058555603 0.43741524 0.3211726 0.13680434 0.93702126 0.49159396 0.48007256 0.23890519 
0 0.2060591854097502 0.23549050804688343 0.7911915763684818 0.952502256315102 0.9615134310202771 0.454770951724212 0.6570730962013913 0.7459381273258985 0.8883908962862823 0.6957437627251202 
1 0.32060635 0.20216453 0.32355976 0.057109833 0.62212956 0.14091253 0.5603745 0.41595787 0.07538593 -0.085587114 
0 0.3049218701885392 0.6085449963224554 0.7424385947295766 0.7005336695715694 0.9837807765655602 0.06556792950398371 0.8046435869241793 0.5301944824122469 1.3381597526753146 0.4588251180432874 
1 0.8465545 0.2521602 0.24536383 0.7540697 0.36284184 0.11349332 0.43051064 0.47312942 0.43235382 0.5823166 
0 0.7828751932210749 0.340041536401704 0.3259283137723139 0.6478089450922877 0.8212060644892469 0.5480790436541232 0.8734660382972794 0.6200647748508872 1.285727704456539 0.021038785796174825 
1 0.12065399 0.81350887 0.085930586 0.42031443 0.916203 0.90318453 0.9799639 0.49644995 1.1790361 1.0859509 
0 0.8064706555215206 0.8751428662729515 0.9834659923181455 0.6232457528131392 0.5584961976580205 0.10599669870307893 0.022021817656664444 0.7788165448315916 0.8471775673434523 0.7381204729563042 
1 0.9075613 0.40650988 0.20002532 0.25000942 0.9674171 0.121806145 0.37226808 0.6097074 0.80822724 0.04620242 
0 0.2851197573733981 0.07792816808093339 0.3478509301022541 0.3105215915513335 0.8706440027544318 0.3142003585731523 0.15388971886946523 0.4011849615305783 0.14093590551604024 0.19197305349732313 
1 0.50884557 0.6369746 0.909008 0.80838 0.9908862 0.5804988 0.4007305 0.8414478 0.47867084 0.5127661 
0 0.5345741313921686 0.8124107770379203 0.5316345095229624 0.29975187883157095 0.8635184233669813 0.5022453923106613 0.7869747790128729 0.36145916470186035 1.1281992536622176 0.6835459385803249 
1 0.55308807 0.66650987 0.36227643 0.12813246 0.6087812 0.56742346 0.5574151 0.33482617 0.7492211 0.56090367 
0 0.34833237811444495 0.7394142376683335 0.1370520821326231 0.06414765458839455 0.1838991774808063 0.14243624746445893 0.635701739308363 0.2532445457036494 0.3592708459962227 0.473874020781222 
1 0.16653204 0.909539 0.891531 0.5970546 0.29546368 0.63738155 0.34237444 0.44993877 0.8002788 0.89336133 
encode 100
0 0.6967891914688891 0.03436709958731132 0.44341243869432456 0.21730816924258659 0.41410279105230674 0.14342486147859673 0.22516417822650991 0.231417462468282 -0.6927894284033682 -0.20905952309785902 0.6967891914688891 0.03436709958731132 0.44341243869432456 
1 0.15124321 0.9503623 0.9117837 0.44895673 0.2731831 0.108555526 0.16930461 -0.37216353 0.60659564 0.27847123 0.15124321 0.9503623 0.9117837 
0 0.5865707873734429 0.18037978018424328 0.7432864355819353 0.7420438095007489 0.15728872435067628 0.02172821676923863 0.07893924937933616 0.05150293132584205 -0.43347459543688416 0.2541955254460023 0.5865707873734429 0.18037978018424328 0.7432864355819353 
1 0.24955595 0.8336444 0.73512495 0.32204565 0.16954824 0.20792273 0.30048335 -0.021795034 0.4079742 0.15540338 0.24955595 0.8336444 0.73512495 
0 0.609714998686798 0.5509804918468011 0.9169054724395826 0.5692857522706503 0.2502024508809007 0.11765075297044839 0.06286104387800073 0.11529419737414903 0.025266561885142425 0.46896001606710186 0.609714998686798 0.5509804918468011 0.9169054724395826 
1 0.6747527 0.22010863 0.9669497 0.7245661 0.1549995 0.05689682 0.0635376 0.18309098 -0.32734215 0.40187 0.6747527 0.22010863 0.9669497 
0 0.12215799125735116 0.4690440073838571 0.7269622146810995 0.3952273962477768 0.42843371790413387 0.05397739043632497 0.12236149541176433 -0.47035260154795533 0.0069730717844136425 0.20005015333824572 0.12215799125735116 0.4690440073838571 0.7269622146810995 
1 0.94617784 0.47970557 0.32820117 0.19814976 0.23298208 0.26713565 0.30173254 0.40684712 -0.017290473 -0.13307145 0.94617784 0.47970557 0.32820117 
0 0.2437641389821097 0.7943163893893737 0.05767297656454229 0.36417409861380884 0.3288974103509365 0.11688438283614883 0.19004410819910578 -0.4822233252618533 0.19645703620547783 -0.7435175500223075 0.2437641389821097 0.7943163893893737 0.05767297656454229 
1 0.6850127 0.26429462 0.7002442 0.4920543 0.06625219 0.26820982 0.17348367 0.40304595 -0.2658618 0.02799964 0.6850127 0.26429462 0.7002442 
0 0.5191707620699335 0.08322788998668695 0.8146942205836534 0.31934020994094836 0.30534468808132004 0.1781119313817448 0.1972031705959869 0.07314349662983083 -0.3005290328050836 0.1832876075677431 0.5191707620699335 0.08322788998668695 0.8146942205836534 
1 0.2775333 0.968683 0.8085352 0.72888815 0.11359005 0.050333127 0.10718864 -0.3555206 0.33811092 0.43513495 0.2775333 0.968683 0.8085352 
0 0.0677591672226574 0.1798153534337401 0.9874817190685441 0.22594778876748736 0.25191397607564936 0.05921609107506309 0.4629221440818002 -0.4507460122845619 -0.36779238274970616 0.5792252258649975 0.0677591672226574 0.1798153534337401 0.9874817190685441 
1 0.8081634 0.199108 0.8363091 0.42504376 0.15723386 0.1952328 0.22248954 0.42842513 -0.18575734 0.50235766 0.8081634 0.199108 0.8363091 
0 0.9548011570777537 0.6178265993041434 0.39684908432389365 0.5907474846947504 0.20474701638916593 0.10681793083701711 0.09768756807906664 0.5305852586923046 0.28190692856177735 0.022600746347434586 0.9548011570777537 0.6178265993041434 0.39684908432389365 
1 0.6777648 0.043760777 0.6647382 0.5019828 0.16863778 0.092810325 0.2365691 -0.08722901 -0.5599199 0.003113389 0.6777648 0.043760777 0.6647382 
0 0.6431361407270191 0.4966575451331183 0.8183381654587945 0.5584814196930037 0.09038439284933557 0.09260890535631283 0.25852528210134795 -0.06863022877586988 -0.1153873287230911 0.5457260481476004 0.6431361407270191 0.4966575451331183 0.8183381654587945 
1 0.4572096 0.019358158 0.5377188 0.5689963 0.08848153 0.047618575 0.29490358 0.08239603 -0.64171237 -0.24468535 0.4572096 0.019358158 0.5377188 
0 0.5358735027894521 0.9098956025437088 0.3015575961241752 0.20033382866329244 0.3642982490639044 0.15406705414297736 0.2813008681298258 0.20762333672426198 0.7196781906285142 -0.40989935264295685 0.5358735027894521 0.9098956025437088 0.3015575961241752 
1 0.50590575 0.061441064 0.9021709 0.21073693 0.4876884 0.20866306 0.09291166 0.20745152 -0.42249233 0.29402357 0.50590575 0.061441064 0.9021709 
0 0.05486393347275098 0.378439453658475 0.346099604566245 0.1516435640951266 0.6408352431389563 0.12029489953005729 0.08722629323585984 -0.5838108953262422 -0.3418738645545185 0.09894070676164071 0.05486393347275098 0.378439453658475 0.346099604566245 
1 0.35488153 0.018120885 0.2879902 0.52835035 0.11895555 0.1440916 0.20860249 -0.28341782 -0.5685812 -0.3274575 0.35488153 0.018120885 0.2879902 
0 0.10524063077562618 0.31843443570809105 0.2738103901965052 0.43161842265781764 0.22113475785300302 0.27452773702808064 0.0727190824610987 -0.30728497561339335 -0.47744047539389745 -0.21198516686990077 0.10524063077562618 0.31843443570809105 0.2738103901965052 
1 0.6749519 0.96631956 0.048624992 0.2821079 0.28455928 0.24346133 0.18987149 0.44501364 0.35094923 -0.45772654 0.6749519 0.96631956 0.048624992 
0 0.6980050640427078 0.7229636627681559 0.057690799278957705 0.6128730583212951 0.15602268067273392 0.1221726039536743 0.10893165705229668 0.0487355833288482 0.08591317534914467 -0.18485719467946526 0.6980050640427078 0.7229636627681559 0.057690799278957705 
1 0.37823153 0.18392944 0.402475 0.3677933 0.05311682 0.30226165 0.27682823 -0.44380206 -0.35498112 0.054124534 0.37823153 0.18392944 0.402475 
0 0.9765386479118257 0.25024893250221436 0.13191772620895237 0.3103920535514114 0.07789154077332458 0.4785821910776544 0.13313421459760955 0.7302872176835551 -0.3914042150363263 -0.49395934110465944 0.9765386479118257 0.25024893250221436 0.13191772620895237 
1 0.3882041 0.59273577 0.73277557 0.85053146 0.083984815 0.04520408 0.020279646 -0.26175737 0.0723753 0.20932662 0.3882041 0.59273577 0.73277557 
0 0.4737881704778837 0.45558411829939516 0.00798966811329449 0.46242588079014235 0.20539582134513035 0.19607531956667287 0.1361029782980544 0.11111501730065254 0.29886157961036275 -0.3336770744199876 0.4737881704778837 0.45558411829939516 0.00798966811329449 
1 0.49060333 0.05814016 0.28064525 0.38662413 0.21544665 0.083128065 0.3148011 0.31133452 -0.32024446 -0.34936786 0.49060333 0.05814016 0.28064525 
0 0.4489413854402369 0.9842568051294589 0.9299589895960969 0.2753315265030786 0.21010294363013723 0.28443099874989414 0.23013453111689008 0.20712118148295655 0.34965434980572085 0.412792915940948 0.4489413854402369 0.9842568051294589 0.9299589895960969 
1 0.33074296 0.6746578 0.7544011 0.5349397 0.15700687 0.19743755 0.11061585 -0.3337348 0.18606067 0.33122987 0.33074296 0.6746578 0.7544011 
0 0.7036295529846166 0.4862631590802031 0.768233475370323 0.07903696390291037 0.5622519645923163 0.12032636284788728 0.238384708656886 0.09094802547514957 0.16996384325116254 0.31172744358700877 0.7036295529846166 0.4862631590802031 0.768233475370323 
1 0.39425266 0.19623733 0.12856627 0.564088 0.191848 0.15391655 0.090147495 -0.2810068 -0.11244005 -0.3616442 0.39425266 0.19623733 0.12856627 
0 0.28921504976238355 0.2188722264443903 0.2853209055379413 0.415442548354059 0.35004758067021 0.18827928576168718 0.04623058521404377 0.16735142868074107 -0.24650046503495066 0.0265681869912483 0.28921504976238355 0.2188722264443903 0.2853209055379413 
1 0.26664042 0.9250244 0.8975601 0.86463684 0.07697749 0.0087156845 0.04966998 -0.3541162 0.3403811 0.6891562 0.26664042 0.9250244 0.8975601 
0 0.2911075863218042 0.02268788040355174 0.9975286492870619 0.6569414860641849 0.05439240912379497 0.112675390841115 0.17599071397090515 -0.21624332827272152 -0.14450444509249877 0.4715961183698486 0.2911075863218042 0.02268788040355174 0.9975286492870619 
1 0.5686959 0.71706414 0.37999117 0.24226114 0.2837399 0.30546588 0.16853309 -0.08516371 0.13633072 -0.24791098 0.5686959 0.71706414 0.37999117 
0 0.9083306158310176 0.39869886892977213 0.32020818558296704 0.5438203648432389 0.3245304251667924 0.04888181808625661 0.08276739190371207 0.5727907142296134 -0.051104925109262456 -0.2516457284572349 0.9083306158310176 0.39869886892977213 0.32020818558296704 
1 0.83008873 0.32794034 0.018957138 0.23501104 0.16142322 0.16910315 0.4344626 0.020804048 0.021016836 -0.7702882 0.83008873 0.32794034 0.018957138 
0 0.7678454544421172 0.022391320243574375 0.5525430679003327 0.5812331334499554 0.26586315154307144 0.08427799570677878 0.06862571930019445 0.14368503189297077 -0.5322822074826384 -0.06447957908022595 0.7678454544421172 0.022391320243574375 0.5525430679003327 
1 0.5520053 0.78068054 0.9714147 0.48632395 0.36497355 0.031634264 0.11706823 -0.12937021 0.4933684 0.40822434 0.5520053 0.78068054 0.9714147 
0 0.17871916105731955 0.9368236062436253 0.7666340523894895 0.4456904509283062 0.3871503487062524 0.05727198377528821 0.10988721659015321 -0.47865278985317894 0.40209408166146565 0.42496411264655126 0.17871916105731955 0.9368236062436253 0.7666340523894895 
1 0.39428496 0.23654425 0.8362348 0.5473153 0.17927128 0.19695401 0.07645941 -0.27575117 -0.5061989 0.19655102 0.39428496 0.23654425 0.8362348 
0 0.3562884097687036 0.3704869699353668 0.6251267968942393 0.4528164129047241 0.2186058377917156 0.08099931914317993 0.2475784301603804 -0.2448452812357217 -0.21623403419798248 0.33492968751346347 0.3562884097687036 0.3704869699353668 0.6251267968942393 
1 0.5109614 0.97599053 0.12166691 0.46916118 0.15449297 0.17738552 0.19896036 0.109194875 0.36461097 -0.23367018 0.5109614 0.97599053 0.12166691 
0 0.25552876907429245 0.055022123192429495 0.6494743148557376 0.2541362314866525 0.4667447140397186 0.14051947007493193 0.1385995843986969 -0.21100252896644606 -0.19736285704187506 -0.24392493547711502 0.25552876907429245 0.055022123192429495 0.6494743148557376 
1 0.70679903 0.6204202 0.65732145 0.4616481 0.23190933 0.23354943 0.07289314 0.13746643 -0.18242323 0.25587767 0.70679903 0.6204202 0.65732145 
0 0.7907132615968699 0.10452843563171332 0.8031986134537992 0.6978697469781996 0.04859557247604518 0.10591656795364189 0.14761811259211333 0.09946230651819499 -0.12607077594672655 0.11094314297335861 0.7907132615968699 0.10452843563171332 0.8031986134537992 
1 0.6614654 0.24629319 0.5366986 0.4217324 0.29621843 0.18558769 0.096461475 0.19647989 -0.18639725 0.014734924 0.6614654 0.24629319 0.5366986 
0 0.5172355787383291 0.10705604099432664 0.8354164011424963 0.7134289959169273 0.1811070738445536 0.07364849927323597 0.031815430965283165 0.0845400427308709 -0.3733421979823066 0.3637492131581766 0.5172355787383291 0.10705604099432664 0.8354164011424963 
1 0.9385065 0.75788736 0.5521153 0.69003224 0.12529066 0.0951477 0.089529395 0.35760915 -0.14233053 0.26382253 0.9385065 0.75788736 0.5521153 
0 0.1012523955490916 0.013644196364598349 0.2027151883039624 0.48122567457113435 0.3858581290493735 0.04142433547986497 0.09149186089962713 -0.2978769854541728 -0.3786295606474457 -0.30806920445626473 0.1012523955490916 0.013644196364598349 0.2027151883039624 
1 0.810513 0.29594243 0.7455635 0.40505034 0.30590922 0.071860954 0.21717948 0.4031149 0.059406996 0.4496303 0.810513 0.29594243 0.7455635 
0 0.45489230807153813 0.6321267604394147 0.9704733653724174 0.2894245544550442 0.1125118529787035 0.24227152499744792 0.35579206756880444 0.03391713164851007 0.1429715691752632 0.5779820547959492 0.45489230807153813 0.6321267604394147 0.9704733653724174 
1 0.89157283 0.61684775 0.103918314 0.523808 0.31842703 0.052731402 0.10503358 0.370597 -0.01761794 -0.59250003 0.89157283 0.61684775 0.103918314 
0 0.9576160022979103 0.8885432150844945 0.9609520778086911 0.2706863914760722 0.24141437135038557 0.4209974604483423 0.06690177672519992 0.3644141572192081 0.620973586848063 0.7022980199341757 0.9576160022979103 0.8885432150844945 0.9609520778086911 
1 0.4058107 0.10167003 0.29321468 0.3153496 0.1456336 0.16344276 0.375574 -0.20544475 -0.31167847 -0.49211717 0.4058107 0.10167003 0.29321468 
0 0.1107011250764971 0.015600291927438725 0.3243312455656433 0.7592221548924464 0.18283363959440976 0.019543081370754535 0.038401124142389276 -0.17046535054915918 -0.7036214654116019 -0.3501289961348296 0.1107011250764971 0.015600291927438725 0.3243312455656433 
1 0.80850315 0.61582744 0.4528222 0.893414 0.047469452 0.0298372 0.029279351 0.37320024 -0.19854581 0.03729236 0.80850315 0.61582744 0.4528222 
0 0.9305671285042574 0.3521845334290361 0.25782069904009575 0.5468839032672956 0.15031137733576527 0.12466616618415793 0.17813855321278116 0.5832560796674304 -0.20693396606626968 -0.2790255139343225 0.9305671285042574 0.3521845334290361 0.25782069904009575 
1 0.9838463 0.53695405 0.3389027 0.49036953 0.25746375 0.06567034 0.18649638 0.555358 0.11603016 -0.039576888 0.9838463 0.53695405 0.3389027 
0 0.4842838491561079 0.23590554697187205 0.8286815216939025 0.705398757411189 0.18986030262729867 0.04808697005390797 0.05665396990760441 -0.16855192248392004 -0.39979506332174153 0.45835764541957674 0.4842838491561079 0.23590554697187205 0.8286815216939025 
1 0.5280839 0.87746453 0.59038675 0.7855345 0.0919922 0.06499381 0.0574795 -0.023815215 0.45684892 0.16940558 0.5280839 0.87746453 0.59038675 
0 0.251723101517191 0.4486178169990789 0.6481721957324 0.5322689322100871 0.2447979168570883 0.09380291135261415 0.12913023958021053 -0.3970101321043631 -0.06543680249856709 0.3093316081934642 0.251723101517191 0.4486178169990789 0.6481721957324 
1 0.36743402 0.5370475 0.7947252 0.40456858 0.12637238 0.28186706 0.18719196 -0.10888973 0.061183423 -0.12510979 0.36743402 0.5370475 0.7947252 
0 0.5557136020552804 0.046525049207189584 0.0887763988980399 0.47870417189595377 0.20576670142557676 0.14529819330461735 0.1702309333738521 -0.008337567221234021 -0.4885123991474738 -0.38106922754137906 0.5557136020552804 0.046525049207189584 0.0887763988980399 
1 0.34575093 0.096000195 0.8039652 0.6402668 0.06060807 0.15094458 0.14818054 -0.15565884 -0.41503626 0.31482494 0.34575093 0.096000195 0.8039652 
0 0.017103019539171926 0.5158850246015674 0.1680209789200795 0.5376084302178855 0.27738936471730685 0.06539283751380393 0.11960936755100371 -0.2088625700050449 -0.1636995595398838 -0.36708044650486793 0.017103019539171926 0.5158850246015674 0.1680209789200795 
1 0.22771168 0.5863532 0.025384426 0.48460963 0.20430672 0.19715615 0.11392754 -0.35590595 -0.025811434 -0.34353042 0.22771168 0.5863532 0.025384426 
0 0.9718981600959935 0.6364516501647508 0.17569774319723397 0.23372884986615924 0.31631240848576714 0.2205614243603664 0.22939731728770718 0.4573901399833281 0.02470985777399015 -0.12797851274113003 0.9718981600959935 0.6364516501647508 0.17569774319723397 
1 0.9181924 0.72351 0.30114055 0.6966576 0.1107535 0.042298883 0.15029001 0.3019613 0.19482195 -0.2720257 0.9181924 0.72351 0.30114055 
0 0.4560758035315122 0.20556813802176532 0.34512746977563746 0.5410897565497448 0.21975226564444023 0.17986596581475403 0.059292011991061044 -0.0038444868307188074 0.11980785227356647 -0.14905166446678914 0.4560758035315122 0.20556813802176532 0.34512746977563746 
1 0.15164447 0.97952783 0.6794354 0.63155246 0.29052678 0.0377537 0.040167093 -0.445733 0.4469313 -0.1303674 0.15164447 0.97952783 0.6794354 
0 0.5228233396591431 0.5007195965377431 0.14675094346489703 0.3737637667675744 0.348474077961936 0.07813252881290536 0.1996296264575843 0.11592564125012522 -0.2622320891302595 -0.7128728406749251 0.5228233396591431 0.5007195965377431 0.14675094346489703 
1 0.38025224 0.9576129 0.0046926737 0.508039 0.1345641 0.31167993 0.045717 -0.052194834 0.4796523 -0.6159781 0.38025224 0.9576129 0.0046926737 
0 0.46010602246236765 0.1743010823905582 0.49969971793243295 0.33159345875048324 0.4012119660992929 0.11614020790675848 0.15105436724346533 0.04524324578121253 -0.37710295632104285 0.13000098511918445 0.46010602246236765 0.1743010823905582 0.49969971793243295 
1 0.80825996 0.94867134 0.11937106 0.5311656 0.1768759 0.059780262 0.23217827 0.4212866 0.28264236 -0.38040546 0.80825996 0.94867134 0.11937106 
0 0.9248820030167357 0.9629902503448167 0.9630966566200441 0.5929516743570983 0.1668920455082078 0.11955623026857255 0.12060004986612138 0.4739296857033434 0.3113687946790705 0.431335632780814 0.9248820030167357 0.9629902503448167 0.9630966566200441 
1 0.21547091 0.9349052 0.512516 0.29986602 0.27467898 0.1211943 0.30426067 -0.45401102 0.4047783 -0.15376735 0.21547091 0.9349052 0.512516 
0 0.8117162385822785 0.7693952635713635 0.5344834630047697 0.14176787113696626 0.23657160875153382 0.3366869309445321 0.2849735891669678 0.1332701690646848 0.11156186123479772 -0.2194431567134798 0.8117162385822785 0.7693952635713635 0.5344834630047697 
1 0.27079666 0.11635172 0.2747637 0.45661485 0.20756704 0.20892036 0.12689775 -0.24484754 -0.29652068 -0.07814753 0.27079666 0.11635172 0.2747637 
0 0.6970756814117121 0.791605001297472 0.021807261223745433 0.5537088123230858 0.16142584147534755 0.040074453516186034 0.24479089268538068 -0.028708821968292497 0.38300600934525164 -0.5061074040792848 0.6970756814117121 0.791605001297472 0.021807261223745433 
1 0.16999424 0.90856886 0.57405865 0.6383306 0.22750084 0.064226195 0.069942355 -0.38145053 0.402237 0.12124115 0.16999424 0.90856886 0.57405865 
0 0.33602654751064787 0.6070357034634046 0.6095134343511124 0.568148114450782 0.21746377283171242 0.060772521207991856 0.15361559150951376 -0.3972959000560994 0.31002025116041126 -0.09748539785777721 0.33602654751064787 0.6070357034634046 0.6095134343511124 
1 0.46556938 0.11669791 0.15503383 0.49154592 0.20145449 0.1452122 0.16178739 -0.22716117 -0.36223182 -0.38753253 0.46556938 0.11669791 0.15503383 
0 0.40318246287230286 0.3348027734033798 0.4410357542378258 0.6758467956299703 0.10767508407924951 0.11024766044475443 0.10623045984602575 0.1259460167517807 0.027840584426678472 0.11524277541863692 0.40318246287230286 0.3348027734033798 0.4410357542378258 
1 0.30105698 0.11741841 0.9444603 0.5932869 0.06407668 0.2913763 0.051260173 -0.25565553 -0.29817426 0.49616712 0.30105698 0.11741841 0.9444603 
0 0.14627658363891594 0.602534816337909 0.5274225366176368 0.7569046437277023 0.12333601343605288 0.04601463696505545 0.07374470587118942 -0.34855791016411997 -0.15182684288995352 0.11543259141592144 0.14627658363891594 0.602534816337909 0.5274225366176368 
1 0.8066406 0.20414627 0.009976983 0.63708603 0.19141641 0.07268987 0.09880769 0.5350657 -0.37562478 -0.4398664 0.8066406 0.20414627 0.009976983 
0 0.02808575323041418 0.7168259049831949 0.03838165684754191 0.37534772411172246 0.26261133239731466 0.0699877603477686 0.2920531831431943 -0.15680677698131695 0.16614181021990004 -0.7473829142829372 0.02808575323041418 0.7168259049831949 0.03838165684754191 
1 0.42685008 0.93032 0.74019635 0.41468242 0.25888816 0.11747868 0.20895076 -0.18067181 0.30797344 0.4659961 0.42685008 0.93032 0.74019635 
0 0.6575976611537462 0.494516809320775 0.682127761912199 0.18629227361856382 0.5021602526614517 0.07670595355276046 0.23484152016722404 0.07849655769782848 -0.27112955342951595 0.32944254445801024 0.6575976611537462 0.494516809320775 0.682127761912199 
1 0.56194377 0.23142898 0.6880319 0.3327774 0.1458223 0.104246505 0.41715378 0.08894056 -0.15151516 0.21071506 0.56194377 0.23142898 0.6880319 
0 0.9505732609021567 0.8095374622921996 0.9233176461881456 0.5690980028966236 0.15703287791380083 0.09321683519661216 0.1806522839929634 0.1671055828228346 -0.05677170279480781 0.06465789529456156 0.9505732609021567 0.8095374622921996 0.9233176461881456 
1 0.6273848 0.81388605 0.1511823 0.42280033 0.1111019 0.07908653 0.38701123 -0.0067054033 0.206859 -0.19392726 0.6273848 0.81388605 0.1511823 
0 0.6953099347720479 0.277193677843099 0.909449501416195 0.31394485043691084 0.3497083936171467 0.1976645232554909 0.13868223269045166 0.2661124097724261 -0.02336566408613794 0.48546263424814123 0.6953099347720479 0.277193677843099 0.909449501416195 
1 0.66552293 0.30599296 0.2251122 0.42146108 0.25699914 0.16306497 0.1584748 0.3312392 -0.42028093 -0.3076175 0.66552293 0.30599296 0.2251122 
0 0.5836414205496481 0.0920858007680192 0.9541379772699474 0.42028701599940255 0.1727722493637899 0.118748522338577 0.28819221229823055 -0.10614353021361977 -0.1306165444368937 0.43453366991184894 0.5836414205496481 0.0920858007680192 0.9541379772699474 
1 0.07725477 0.36968696 0.82943714 0.43710375 0.27272484 0.123910405 0.16626096 -0.4798038 -0.12191844 0.16673422 0.07725477 0.36968696 0.82943714 
wmix 50
0 2 0.5099030607688166 0.4237286374532787 0.3484265563128275 0.8762313765390366 0.41885486376805203 0.5663601224157424 0.4593789024269834 0.7310185375178251 0.7014263150416236 0.19377272933078848 0.28523423147645005 
1 5 0.29366946 0.74119985 0.76052284 0.66074014 0.044575334 0.4620545 0.37868953 0.12078512 0.99886525 0.51156914 0.6541195 0.1890862 0.013510704 0.8018508 0.6248313 0.5579432 0.03454089 0.98737967 0.970435 0.95009375 0.42100525 0.73979646 0.41601393 
0 4 0.43420428849121717 0.09981587730333619 0.3470125732114848 0.01694205164678486 0.9422563276456928 0.07896712294425323 0.5675886919576685 0.052301647060489564 0.30116287665299657 0.9847363235121729 0.3496842104817566 0.7163264016310011 0.25103855567254785 0.6729449019170726 0.8278730593724737 0.2105726788370137 0.3879908801483375 0.25931746600359223 0.20496137234503709 
1 1 0.69353974 0.7423855 0.12668848 0.8083725 0.69353974 0.7423855 0.12668848 
0 7 0.9268525737895026 0.012121889915583717 0.5335705619964897 0.09316116468966196 0.28854149394507367 0.873854825767723 0.06323848124867437 0.3311640418025996 0.3063272595255051 0.7242022959888059 0.40363585250512335 0.22321677473396484 0.9248101678612244 0.736772067108272 0.26287535787467786 0.5249459790189177 0.7476669422030626 0.6315927271278923 0.4324073231467269 0.1838662087912415 0.9083029806691849 0.6745433974208177 0.8794144261573773 0.13425979133657195 0.1833522009429258 0.5951180619450058 0.5493120750427396 0.4347448678823833 0.6330171143345056 0.33445924701499563 0.9733499852308385 
1 1 0.98000836 0.92048943 0.83980083 0.4369434 0.98000836 0.92048943 0.83980083 
0 2 0.30352625461050997 0.08281421193741534 0.17663948168901422 0.15790925670449463 0.07086983343661002 0.9590740459739526 0.8310191125528983 0.10388647611964075 0.41630624851070863 0.3985263170916774 0.2689019798727747 
1 8 0.48599076 0.8576205 0.8704709 0.16094589 0.50791645 0.61453986 0.85022545 0.29263437 0.75700843 0.2131741 0.8066217 0.8857882 0.8151169 0.30370533 0.01424551 0.057837963 0.9116055 0.30240524 0.3060621 0.033287644 0.19689882 0.7225814 0.64036334 0.9707906 0.17981398 0.7809062 0.6920357 0.67661667 0.24920797 0.49299896 0.32720184 0.24089289 0.25723296 0.35252407 0.77701527 
0 2 0.7522488117897641 0.9988137585361183 0.6326298811594706 0.7345897934048162 0.021234380377935125 0.09721383987925414 0.06765608351174612 0.6788682950464693 0.5995255013680855 0.14945013741412222 0.37747752336164325 
1 5 0.6122415 0.18249893 0.87841225 0.4421308 0.91240907 0.019218922 0.646098 0.6824349 0.25313723 0.4150759 0.97832704 0.5405748 0.70439553 0.78921366 0.7248795 0.13631344 0.6874684 0.54399157 0.9838766 0.77387655 0.5966247 0.94605696 0.27423164 
0 8 0.8804320473504179 0.9522484285254136 0.2881517369305595 0.7432838910594901 0.27173412921155427 0.1668890418250084 0.71399799647208 0.8636695461354749 0.7779712370306338 0.9952683453294264 0.04123775118921613 0.33864138258879395 0.8187506628611778 0.9249430118621429 0.6335635051522281 0.6935868281374304 0.468643769797225 0.15952922479310372 0.36167863306511294 0.3689586201484458 0.12970190176858898 0.9304102011934359 0.6901375094326117 0.3572818315050834 0.07223764396884147 0.4021951626296818 0.2777346495243411 0.11544526375201736 0.04231293886218768 0.6630039847647589 0.797351073680272 0.011119598842789236 0.6661455252027132 0.29971645747174547 0.5749301764776641 
1 6 0.10107839 0.8009788 0.8173969 0.835896 0.34042645 0.1545229 0.5587492 0.5584723 0.5010774 0.8495909 0.16123557 0.7728474 0.72519493 0.66253865 0.25375485 0.6133752 0.8440815 0.020159245 0.15146041 0.42520142 0.89018404 0.3917868 0.3981192 0.72726035 0.7689923 0.37253308 0.39467308 
0 7 0.7088922483384068 0.27210048529333264 0.5377475664244162 0.9459264372279326 0.27187858721075386 0.9743569803930179 0.33111662916982465 0.2702320356535244 0.14829804838926086 0.20063121632692105 0.9690362896247466 0.30917289755327615 0.4471770684476888 0.20228802202960283 0.9022646573002475 0.37491316427969124 0.3491071806090247 0.255196907918666 0.3951587239606642 0.8756133527139698 0.32181871627426784 0.7245407797647496 0.25978254399808365 0.09901757549507373 0.8935851125745404 0.03583299533965234 0.30133778061163685 0.3496347826702655 0.141860341467966 0.7893771386116943 0.39277512254648084 
1 4 0.8533927 0.033058167 0.16213953 0.7469251 0.44620562 0.06365359 0.6763172 0.55880415 0.30630016 0.14832366 0.9241195 0.6694813 0.6506456 0.5815147 0.46669066 0.12908721 0.77308995 0.18646409 0.070911676 
0 2 0.7152114886766066 0.06367981503299469 0.4539399566082136 0.2932863065336766 0.6556324467740606 0.32287534919887184 0.8644883459146213 0.28705129260427276 0.6735065691779591 -0.09427241642596218 0.6990159225128089 
1 7 0.1368928 0.12190032 0.9329257 0.25040567 0.9113463 0.08016193 0.03174126 0.182747 0.24315977 0.13182509 0.9575579 0.31172 0.90535796 0.25964367 0.45376623 0.11260629 0.40045035 0.24745119 0.27777433 0.73672867 0.6175761 0.4824921 0.3007512 0.98261213 0.3585266 0.032792807 0.093553305 0.13761222 -0.020101368 0.72438985 0.46172154 
0 2 0.282112026317449 0.7666102200234388 0.8807799752239227 0.8230945526439504 0.6680347092953891 0.09871434785144473 0.946260893966475 0.2218878974935692 0.32947833735883936 1.0695444469318467 0.922587758273963 
1 3 0.56814337 0.49529648 0.99999464 0.5476179 0.05316651 0.5231081 0.06964457 0.7525054 0.55469954 0.87739563 0.48571348 0.15874743 0.3384406 0.5689347 0.8005346 
0 7 0.8909542680408398 0.21306199742409637 0.2204953006822543 0.9441228624973403 0.6672826613268579 0.8211652042463835 0.6640389366981745 0.4647200114266008 0.5162538774740728 0.31178562279492494 0.3470374413577457 0.2904366081579193 0.158925095899342 0.09921641832194239 0.6207989489375092 0.042733668123867474 0.23487998810741617 0.7385879194883045 0.4210671170644442 0.2034862431097768 0.7187508423942617 0.12416753857881213 0.7213568600622688 0.016917802266000592 0.1563430559485659 0.8948687757427431 0.5464587398198821 0.10574153727934066 0.02880246267261155 0.5735747433320267 0.7971653896025366 
1 5 0.31616044 0.13740993 0.76158917 0.30876815 0.22361612 0.017478228 0.31190085 0.41052544 0.04758334 0.5720128 0.833405 0.4478401 0.731879 0.99418664 0.07604134 0.33341694 0.040184855 0.18088889 0.42996895 0.2497654 0.23592238 0.5492238 0.74460685 
0 4 0.3823358096322593 0.5634135860490985 0.6367221480822389 0.9159418895141014 0.7723641129386809 0.6166320900117994 0.08539595806228073 0.04244455731601704 0.207168010385387 0.09509254033000758 0.6866465600615879 0.7306590067062484 0.9455365912999654 0.035374647028933115 0.873404540538727 0.3501924553227551 0.09409680959166411 0.20785284485306027 0.33679552175586946 
1 3 0.652475 0.7626723 0.8937949 0.18167913 0.6183442 0.36650026 0.97186065 0.848194 0.8798728 0.29191935 0.5454786 0.5946423 0.67219806 0.73365915 0.5262178 
0 6 0.90627458579596 0.07265045795779779 0.30354787225019875 0.3427423783464123 0.10717200326217036 0.13735586877548855 0.2957150275778282 0.7927492666888054 0.7390420670452369 0.04023081529255346 0.9779912728252786 0.46622020528473374 0.8331681185781803 0.47805482206516925 0.1461512347960443 0.4376992235938113 0.25440658392388116 0.8495997875863663 0.950252531283863 0.14420840948057645 0.12432154570263543 0.8196587081891911 0.2657757956589242 0.3488910362082207 0.6086290165702941 0.6851190640208418 0.22663565740838773 
1 5 0.26304102 0.46138287 0.94230556 0.020014524 0.0069651604 0.31568205 0.9016249 0.0494138 0.38996005 0.23222578 0.44604802 0.10676932 0.13064754 0.8589425 0.6902288 0.06016481 0.27302325 0.3510964 0.97707164 0.8173852 0.3786862 0.4616117 0.67523754 
0 2 0.6333223061505757 0.10517520602719332 0.3067054025022731 0.4130408206495979 0.5761078492485412 0.5163705712972391 0.6567005099315424 0.8163400332436905 0.4453164697268348 0.026760948961439712 0.3847717532820337 
1 4 0.3126459 0.29129195 0.751094 0.33880234 0.1933533 0.42539763 0.92965555 0.10935497 0.6387621 0.50858295 0.60854137 0.41335213 0.5125183 0.60624564 0.47226477 0.6900586 0.43969247 0.56609946 0.3913983 
0 3 0.08419622786199277 0.35571222059241037 0.5141357291512265 0.608805559532245 0.8227183376536535 0.10189399264233034 0.3312467385471092 0.5135680127514666 0.4005515270998017 0.6291415644196641 0.35458240828005216 0.4409135412618552 0.05313055070372502 0.6998103182040332 0.3930902116895674 
1 6 0.26835525 0.83556914 0.5163083 0.23748267 0.6130916 0.75166917 0.0069475174 0.016549349 0.9544368 0.028377414 0.20917666 0.6648867 0.26024115 0.10128641 0.8870473 0.07745874 0.9317423 0.6928915 0.43486905 0.34976137 0.75487924 0.5697893 0.2438078 0.1358366 0.26859033 0.23931298 0.6945605 
0 8 0.958245794108056 0.7052577338910357 0.7898667445862622 0.529299152719624 0.4741287098921545 0.41519667861708354 0.8105063810385298 0.7384610878321312 0.1192111432562879 0.3899201395647196 0.8945386260562127 0.011544873843023051 0.5277594393528715 0.037815606028007265 0.7671874911925682 0.01632191250403725 0.06481054936959163 0.8266530508415311 0.3762599694721849 0.6121105172991801 0.059155651849651436 0.46941838521523915 0.16597903803254832 0.8223170231968626 0.9665983417251178 0.8781826251007572 0.09914119774575592 0.21053698744571414 0.6514203351159908 0.8811442861900516 0.2965974753057907 0.3592460275173701 0.6438800888077856 0.6990913624902455 0.7584528438025213 
1 5 0.35125232 0.65791774 0.95786333 0.6513618 0.63089657 0.9188441 0.49011648 0.56260705 0.021827102 0.027930617 0.35254896 0.8441366 0.5845332 0.5335927 0.87092555 0.9801165 0.13346815 0.37079024 0.7607255 0.5269549 0.43788144 0.59556824 0.47115126 
0 5 0.6492452547364276 0.7629906905320469 0.8673496628056612 0.2532507319451427 0.3212583616714788 0.6392846915634343 0.8387233573378403 0.12071703794112087 0.07130728914676965 0.020972370566924248 0.5257869825187582 0.14830591177198782 0.8815238548957207 0.10312979434842018 0.6669543323068094 0.9577586064185923 0.7210624996886337 0.12014118788538486 0.16050676162090682 0.8570953515131225 0.7466024803438458 0.25842399980361086 0.5836274641896549 
1 6 0.38778448 0.80236113 0.88561773 0.42825866 0.8097793 0.7265042 0.0014802217 0.36244023 0.26112998 0.8952613 0.0644542 0.3373369 0.17966878 0.06355512 0.59945536 0.20452666 0.3595631 0.7957994 0.70500255 0.22229159 0.6701418 0.38132632 0.19699049 0.976516 0.26814935 0.7206775 0.7964816 
0 3 0.4946209176636598 0.038255957373865446 0.8262329453976374 0.6030117852007102 0.42972804275013576 0.9277682502335567 0.030966259592311696 0.751696269678247 0.6880113766713776 0.3023513676044187 0.34240982549624754 0.7560870732615186 0.3987743436992325 0.5327827301801281 0.661515510104258 
1 3 0.49881136 0.06455457 0.48741853 0.21551657 0.7285043 0.06793296 0.27834737 0.74117815 0.82958996 0.6929544 0.262879 0.12564147 0.37094086 0.5892636 0.45127404 
0 7 0.44020305111121094 0.8136387631774216 0.16199721186859972 0.026750905388761126 0.09312058038869964 0.5450733403988439 0.959387351773048 0.2302658278290841 0.014330189900211288 0.6485525307126447 0.5423344611091578 0.5677582251285529 0.8434935342502945 0.8235814128684422 0.1817475700639013 0.015703421664926553 0.6159771476575637 0.8150371448470093 0.6368944211115828 0.4720884083385948 0.27169071808502165 0.8107861536339964 0.2532309385673426 0.05782112167005504 0.6704456535014842 0.012912637425189333 0.617713756612714 0.5088851971789825 0.42074465198225297 0.6777881090629815 0.23842230360551725 
1 6 0.70847154 0.28771698 0.53485763 0.9319463 0.080619216 0.8187728 0.074379206 0.12711406 0.7211652 0.9227967 0.49285758 0.9289242 0.0918262 0.7404777 0.45845616 0.73557115 0.6037941 0.06466663 0.7423401 0.48499596 0.46457386 0.56981254 0.3024124 0.28239298 0.43193942 0.143159 0.6321436 
0 7 0.5580396296697383 0.20498739773280494 0.29971332848617194 0.0034654857453060295 0.27735508087252336 0.3386011994137128 0.023397067048806397 0.05958320309576148 0.13147473915646612 0.1511883350813108 0.4310094034291738 0.9632069852599578 0.15489359510765865 0.33713495748356426 0.43013973444943465 0.17343493880510796 0.5138784170310315 0.241561952560724 0.14816649984669117 0.3134296965937402 0.5978927637595441 0.403669404314718 0.8557065600090024 0.7821854907868928 0.4708493107895 0.9330177699298308 0.09360475214764485 0.9679445557462716 0.1599859622646423 0.4205944864014832 0.2649322857587151 
1 6 0.8125601 0.7282971 0.22596884 0.26425302 0.3172263 0.9568168 0.43389094 0.643906 0.1225332 0.7148788 0.076470375 0.60296607 0.51799214 0.85682464 0.9768499 0.9353794 0.6263468 0.08712435 0.06235373 0.951059 0.07224989 0.78600585 0.7009871 0.33094788 0.69977456 0.39433873 0.7446008 
0 4 0.18118997131049386 0.8665861050604962 0.3114737350164438 0.14898645805092658 0.4161282359220899 0.8243985952156496 0.5308797250157067 0.4589723963266301 0.11568803107794623 0.4821819432070542 0.8337036184975686 0.3932031627419801 0.5568836498556837 0.9339453023773863 0.9418857154198055 0.18065487021919835 0.2849473204758813 0.4237276364817072 0.5837311490103532 
1 7 0.70979106 0.25606084 0.07356882 0.06265414 0.08468294 0.37709022 0.9048239 0.89240944 0.97060335 0.7980077 0.08507323 0.8134476 0.88112867 0.26692963 0.018840194 0.5253813 0.45888186 0.9453976 0.008517146 0.7326709 0.010999203 0.16257966 0.2104764 0.022441626 0.39911997 0.1740967 0.28035784 0.082692504 0.4273486 0.14406833 0.3404632 
0 5 0.7317565449354619 0.41618518969487805 0.5918937593037144 0.35745011535054894 0.1809947062439614 0.3806461897226383 0.9751178654171548 0.23198827190924853 0.6576351323539276 0.4233082643469286 0.10935998131594316 0.9521898071605241 0.01984376015481293 0.8116373861334112 0.8837590596381646 0.9832893725857166 0.3404991903384269 0.22161342113681837 0.3689879100972482 0.4985285063154514 0.4143789336529857 0.36096808540987374 0.7832681144364818 
1 6 0.91021407 0.7370274 0.14080656 0.9761839 0.9136298 0.46726537 0.15036821 0.04281485 0.5007783 0.73192763 0.06439924 0.013874173 0.56366277 0.9540378 0.8913741 0.83695066 0.30152476 0.051893473 0.33127213 0.86428845 0.1097821 0.09472251 0.45182967 0.50246274 0.4534481 0.42858958 0.55145067 
0 7 0.31592491663307376 0.9474906374313699 0.37199260982567806 0.4387370641185968 0.3201937672499662 0.04414878163583613 0.7380559543602416 0.7682138245444285 0.7639388169321366 0.524285510334404 0.5249587484842997 0.23343003250347727 0.42067206592367556 0.8516403667029382 0.31386848681672697 0.44596982626787374 0.414398103385607 0.9748117698976357 0.6298454198322612 0.8600529937092631 0.8839593344211083 0.7793074120485366 0.9435995235462324 0.15087613807020217 0.052696349711023105 0.3079126592578516 0.44036625227330317 0.556670905949193 0.24131903668053473 0.8731986272185909 0.39177182709040104 
1 2 0.02698958 0.14406383 0.70453334 0.120818734 0.9456415 0.23499715 0.124839544 0.8176017 0.25060475 1.0036824 0.24969937 
0 1 0.16179056749433784 0.6042440187140148 0.6509534652024365 0.5263402391747283 0.16179056749433784 0.6042440187140148 0.6509534652024365 
1 3 0.5530976 0.42845035 0.31512582 0.0057635307 0.46483278 0.4320377 0.410627 0.12967837 0.30797184 0.94335246 0.84563315 0.41935778 0.23380174 0.35971773 0.33116144 
0 7 0.09126946584758788 0.20700591629911314 0.823459850719789 0.5015960780970639 0.6598806628324227 0.32039137166211096 0.7183259427828412 0.119868479736708 0.4728130873675689 0.8237142822509003 0.48165738924011725 0.8813062659479067 0.010459531296765023 0.10358567819029596 0.41318884540662837 0.7085636915392937 0.621629979455957 0.847172920336339 0.5288556823730401 0.5382427012865367 0.21806751267990454 0.32489598564791833 0.11850198430540404 0.4955840585404989 0.03427592277831759 0.4724242494039512 0.10856986168038074 0.22328766383772614 0.26106672436206907 0.27066767569603056 0.3097921183534893 
1 3 0.20908844 0.6945001 0.4485966 0.1974088 0.7860081 0.58185947 0.17452967 0.0649308 0.26399243 0.2684325 0.14645326 0.621145 -0.16221838 0.115789816 0.5912417 
0 1 0.3780214947247924 0.18067428357692483 0.17982172765478843 0.22549272844141943 0.3780214947247924 0.18067428357692483 0.17982172765478843 
1 3 0.62231743 0.8819829 0.7217244 0.4068234 0.35682178 0.772995 0.71713066 0.03541565 0.070121765 0.4464221 0.89063144 0.37983787 0.34796673 0.16603732 0.34101444 
